(-4832.5503,2698.4019,2249.7273),
(-5003.813,2798.071,2249.7273),
(-5003.12,2998.61,2249.7273),
(-4832.5503,3097.0884,2249.7273),
(-6489.6924,25.1046,2249.7273),
(-6490.8833,369.6926,2249.7273),
(-6190.67,197.7451,2249.7273),
(-4658.5317,2798.071,2249.7273),
(1574.077,-5001.5015,1581.7548),
(-4658.5317,2997.4192,2249.7273),
(1574.077,-4802.1533,1581.7548),
(1400.0587,-5101.171,1581.7548),
(1228.796,-5001.5015,1581.7548),
(1229.489,-4800.9624,1581.7548),
(1400.0587,-4702.4844,1581.7548),
(-1513.153,-6702.255,1581.7548),
(-1812.1752,-6874.8955,1581.7548),
(1923.8257,-5202.255,1081.7548),
(-1614.0227,-6875.58,1581.7548),
(162.8627,-6700.4497,1581.7548),
(461.8801,-6529.187,1581.7548),
(460.6844,-6875.153,1581.7548),
(-1712.5011,-6102.053,1081.7548),
(-1813.366,-6530.3076,1581.7548),
(-5870.403,-102.2549,1749.7274),
(-1911.8445,-6700.877,1581.7548),
(-1612.8271,-6529.6143,1581.7548),
(-4308.495,-5202.053,1081.7548),
(-3693.4634,2724.42,2249.7273),
(-5178.147,297.4191,2249.7273),
(-5522.7354,298.61,2249.7273),
(-5352.1655,397.0884,2249.7273),
(-5352.1655,-1.5982,2249.7273),
(-5523.428,98.071,2249.7273),
(-5178.147,98.071,2249.7273),
(-3692.2678,3070.3855,2249.7273),
(-3991.2854,2899.1228,2249.7273),
(-2582.9329,-6801.5845,1581.7548),
(-2756.9512,-6901.254,1581.7548),
(2267.4841,-3938.3347,1931.9581),
(-2756.9512,-6502.5674,1581.7548),
(-2582.9329,-6602.2363,1581.7548),
(-2928.2139,-6801.5845,1581.7548),
(-2927.521,-6601.0454,1581.7548),
(-3791.942,3497.745,1749.7274),
(-58.9308,-5975.153,1581.7548),
(-4831.177,-105.4429,1749.7274),
(-356.7526,-5800.4497,1581.7548),
(-5870.403,1697.7451,1749.7274),
(-57.7352,-5629.187,1581.7548),
(-5350.7876,2597.745,1749.7274),
(-4831.1724,3497.745,1749.7274),
(-582.0345,-5074.7256,1581.7548),
(-879.8563,-4900.0225,1581.7548),
(-580.8389,-4728.76,1581.7548),
(-4932.464,-4729.88,1581.7548),
(-4931.273,-5074.468,1581.7548),
(-4632.251,-4901.8276,1581.7548),
(-5350.7876,-1002.2549,1749.7274),
(-1297.0283,-5974.468,1581.7548),
(-998.0062,-5801.8276,1581.7548),
(-1298.2192,-5629.88,1581.7548),
(777.9978,-5628.8276,1581.7548),
(679.5194,-5799.397,1581.7548),
(779.1887,-5973.4155,1581.7548),
(977.3411,-5974.1,1581.7548),
(1078.2108,-5800.775,1581.7548),
(-2135.931,-5629.187,1581.7548),
(-2434.9482,-5800.4497,1581.7548),
(-2137.1265,-5975.153,1581.7548),
(978.5368,-5628.1343,1581.7548),
(-4832.5503,-502.9116,2249.7273),
(-5003.12,-601.39,2249.7273),
(-4658.5317,-602.5809,2249.7273),
(-4658.5317,-801.929,2249.7273),
(-501.61,-6801.929,1581.7548),
(2156.134,-4194.2993,1906.9695),
(-5003.813,-801.929,2249.7273),
(-675.6283,-6901.598,1581.7548),
(1988.4121,-4194.2373,1682.447),
(-4832.5503,-901.5982,2249.7273),
(-846.891,-6801.929,1581.7548),
(-846.198,-6601.39,1581.7548),
(-675.6283,-6502.9116,1581.7548),
(-501.61,-6602.581,1581.7548),
(-5697.762,998.071,2249.7273),
(-6043.0435,998.071,2249.7273),
(-5871.781,898.4018,2249.7273),
(-5871.781,1297.0884,2249.7273),
(-6042.3506,1198.61,2249.7273),
(-4732.694,924.4198,2249.7273),
(-5030.5156,1099.1229,2249.7273),
(-5697.762,1197.4191,2249.7273),
(-4731.4985,1270.3856,2249.7273),
(-4213.0786,1824.4198,2249.7273),
(-4510.9004,1999.1229,2249.7273),
(-4211.8833,2170.3855,2249.7273),
(-3923.6785,-2034.2434,2378.2368),
(-3769.5273,-2260.5518,2437.928),
(-3757.081,-1846.3307,2253.838),
(-4510.9004,-1600.8771,2249.7273),
(-4213.0786,-1775.5802,2249.7273),
(-4211.8833,-1429.6144,2249.7273),
(-1713.8789,-6901.598,1581.7548),
(-1539.8606,-6801.929,1581.7548),
(-5450.462,1825.1046,2249.7273),
(-5550.131,1999.1229,2249.7273),
(-5151.4395,1997.7451,2249.7273),
(-5252.309,1824.4198,2249.7273),
(-5451.653,2169.6926,2249.7273),
(-5251.114,2170.3855,2249.7273),
(-1884.4486,-6601.39,1581.7548),
(-1885.1416,-6801.929,1581.7548),
(-1539.8606,-6602.581,1581.7548),
(-1713.8789,-6502.9116,1581.7548),
(1726.544,-4242.2837,1769.9551),
(1996.1042,-3938.2346,1568.6731),
(2168.5803,-3780.0781,1722.8795),
(1572.393,-4015.9753,1710.2642),
(-3892.807,3069.6926,2249.7273),
(1738.9904,-3828.0627,1585.8651),
(-3891.616,2725.1045,2249.7273),
(2011.4948,-4016.1377,2298.0718),
(2178.092,-3828.2249,2173.6726),
(1732.4226,-4272.04,2048.5605),
(1997.924,-4242.384,2133.2402),
(-5451.653,369.6926,2249.7273),
(-5251.114,370.3856,2249.7273),
(-5450.462,25.1046,2249.7273),
(-5550.131,199.1229,2249.7273),
(-5151.4395,197.7451,2249.7273),
(-5252.309,24.4198,2249.7273),
(-3592.594,2897.745,2249.7273),
(-2657.095,-6875.236,1581.7548),
(-2855.2476,-6874.551,1581.7548),
(-2556.2253,-6701.9106,1581.7548),
(-2655.8994,-6529.27,1581.7548),
(-2954.9167,-6700.5327,1581.7548),
(-2856.4382,-6529.963,1581.7548),
(-258.2741,-5629.88,1581.7548),
(41.9389,-5801.8276,1581.7548),
(-780.187,-5074.0405,1581.7548),
(-781.3779,-4729.4526,1581.7548),
(-481.1649,-4901.4,1581.7548),
(-257.0833,-5974.468,1581.7548),
(-3692.2678,-4729.6143,1581.7548),
(-5351.8584,-5202.053,1081.7548),
(-4831.599,-6101.444,1081.7548),
(-3693.4634,-6875.58,1581.7548),
(-3991.2854,-6700.877,1581.7548),
(-3692.2678,-6529.6143,1581.7548),
(-3693.4634,-5075.58,1581.7548),
(-3991.2854,-4900.877,1581.7548),
(-6290.344,370.3856,2249.7273),
(262.1707,-5074.468,1581.7548),
(260.9799,-4729.88,1581.7548),
(561.1929,-4901.8276,1581.7548),
(-2235.7815,-7000.8345,1081.7548),
(-1193.8658,-7002.255,1081.7548),
(-4311.557,-7002.255,1081.7548),
(-3272.3267,-7002.255,1081.7548),
(1404.2104,-6102.255,1081.7548),
(-5350.7876,797.7451,1749.7274),
(-154.6353,-7002.255,1081.7548),
(-6291.5396,24.4198,2249.7273),
(884.5952,-7002.255,1081.7548),
(-6589.3613,199.1229,2249.7273),
(1600.7845,-4901.8276,1581.7548),
(-3478.0205,-5800.1055,1581.7548),
(1499.9149,-5075.153,1581.7548),
(-3180.1987,-5974.8086,1581.7548),
(-674.2505,-6102.053,1081.7548),
(-4831.1724,1697.7451,1749.7274),
(1301.7625,-5074.468,1581.7548),
(1202.0931,-4900.4497,1581.7548),
(-3179.0032,-5628.843,1581.7548),
(1300.5717,-4729.88,1581.7548),
(1501.1105,-4729.187,1581.7548),
(561.5541,-6701.8276,1581.7548),
(262.532,-6874.468,1581.7548),
(261.3411,-6529.88,1581.7548),
(-4507.8384,-5800.877,1581.7548),
(-4409.3604,-5630.3076,1581.7548),
(-4210.0166,-5975.58,1581.7548),
(-4408.1694,-5974.8955,1581.7548),
(884.5952,-5202.053,1081.7548),
(-4109.147,-5802.255,1581.7548),
(-78.2489,-5203.7715,1081.7548),
(-4930.8467,925.1046,2249.7273),
(-4208.8213,-5629.6143,1581.7548),
(-4932.0376,1269.6926,2249.7273),
(-4631.824,1097.7451,2249.7273),
(-4412.422,2169.6926,2249.7273),
(-4112.209,1997.7451,2249.7273),
(-3712.7815,-6104.401,1081.7548),
(460.3232,-5075.153,1581.7548),
(162.5014,-4900.4497,1581.7548),
(461.5188,-4729.187,1581.7548),
(-4411.2314,1825.1046,2249.7273),
(-3378.3513,-5974.1235,1581.7548),
(-3379.542,-5629.5356,1581.7548),
(-4411.2314,-1774.8954,2249.7273),
(-3079.329,-5801.483,1581.7548),
(-3339.9373,-2212.5671,2574.9424),
(-3317.9792,-1846.4928,2841.6455),
(-3228.5874,-1956.6027,2599.931),
(-4112.209,-1602.2549,2249.7273),
(-4412.422,-1430.3074,2249.7273),
(-4311.557,-1002.2549,1749.7274),
(-5352.1655,1798.4019,2249.7273),
(-5523.428,1898.071,2249.7273),
(-5178.147,1898.071,2249.7273),
(-5178.147,2097.4192,2249.7273),
(-5522.7354,2098.61,2249.7273),
(-5352.1655,2197.0884,2249.7273),
(-4733.1206,-5075.153,1581.7548),
(-4481.1357,-5901.929,1581.7548),
(-4480.443,-5701.39,1581.7548),
(-4135.855,-5901.929,1581.7548),
(-4309.873,-6001.598,1581.7548),
(-4731.925,-4729.187,1581.7548),
(-5030.9424,-4900.4497,1581.7548),
(362.206,-6101.8276,1081.7548),
(-4309.873,-5602.9116,1581.7548),
(-4135.855,-5702.581,1581.7548),
(-4930.8467,2725.1045,2249.7273),
(-1097.6802,-5629.187,1581.7548),
(-5030.5156,2899.1228,2249.7273),
(-1396.6976,-5800.4497,1581.7548),
(-4932.0376,3069.6926,2249.7273),
(-1098.8759,-5975.153,1581.7548),
(-4731.4985,3070.3855,2249.7273),
(-4631.824,2897.745,2249.7273),
(-4732.694,2724.42,2249.7273),
(706.9152,-5699.91,1581.7548),
(706.2222,-5900.449,1581.7548),
(877.4849,-6000.118,1581.7548),
(1051.5032,-5900.449,1581.7548),
(-2036.2568,-5801.8276,1581.7548),
(-2336.4697,-5629.88,1581.7548),
(-4311.557,2597.745,1749.7274),
(-2335.2788,-5974.468,1581.7548),
(1051.5032,-5701.101,1581.7548),
(877.4849,-5601.4316,1581.7548),
(-4731.4985,-529.6144,2249.7273),
(-3901.7205,-1668.1692,2644.94),
(-2755.5735,-6101.7085,1081.7548),
(-4932.0376,-530.3074,2249.7273),
(-4732.694,-875.5802,2249.7273),
(-3478.009,-1590.4283,2503.3489),
(-474.9024,-6702.255,1581.7548),
(-4631.824,-702.2549,2249.7273),
(-3763.6487,-2290.308,2716.5332),
(-575.7721,-6875.58,1581.7548),
(-5030.5156,-700.8771,2249.7273),
(-3914.1667,-2082.3901,2829.03),
(-773.9246,-6874.8955,1581.7548),
(-4930.8467,-874.8954,2249.7273),
(-4013.0706,-1924.1335,2619.9514),
(-873.5939,-6700.877,1581.7548),
(-3498.1475,-2260.6519,2801.213),
(-3743.5105,-1620.0844,2418.6694),
(-775.1154,-6530.3076,1581.7548),
(-3472.1306,-1620.1846,2781.9543),
(-3507.6592,-2212.5051,2350.4197),
(-574.5765,-6529.6143,1581.7548),
(-3741.691,-1924.2336,2983.2366),
(-3499.967,-1956.5024,2236.6458),
(-3484.5767,-2034.4055,2966.0444),
(-3327.4912,-1798.3461,2390.8523),
(-3733.9985,-1668.2311,2869.4624),
(1483.0009,-3905.8655,1951.9788),
(-5771.9243,924.4198,2249.7273),
(1594.3508,-3649.9011,1976.9673),
(-5671.0547,1097.7451,2249.7273),
(-3891.616,-6874.8955,1581.7548),
(1752.561,-3601.8164,1750.6967),
(-6069.746,1099.1229,2249.7273),
(-3892.807,-6530.3076,1581.7548),
(2018.0623,-3572.1604,1835.3762),
(-5970.077,925.1046,2249.7273),
(-3592.594,-6702.255,1581.7548),
(1581.9045,-4064.122,2161.0574),
(-5770.729,1270.3856,2249.7273),
(-3891.616,-5074.8955,1581.7548),
(1754.3806,-3905.9658,2315.2637),
(-5971.2676,1269.6926,2249.7273),
(-3892.807,-4730.3076,1581.7548),
(1762.0728,-3649.9631,2201.4897),
(-3592.594,-4902.255,1581.7548),
(2023.9409,-3601.9165,2113.9817),
